[
[83, 48, 58, 63, 29, ……]
[31, 39, 29, 96, 68, ……]
[79, 35, 62, 2, 26, ……]
[86, 97, 66, 83, 94, ……]
[56, 66, 25, 28, 88, ……]
……
]

[
[51, 98, 0, 21, 25, ……]
[21, 30, 71, 84, 37, ……]
[24, 19, 5, 91, 36, ……]
[42, 6, 35, 85, 25, ……]
[62, 76, 37, 44, 27, ……]
……
]

[
[49121987, 49212756, 49457517, 48927312, 49109081, ……]
[49262911, 49516709, 49699667, 49024880, 49287675, ……]
[49082874, 49288810, 49412579, 48644452, 48967936, ……]
[48855590, 49119290, 49136665, 48890589, 48986842, ……]
[49128554, 49338061, 49672722, 49171993, 49265449, ……]
……
]

clock=157229.440

[
[64680000, 60020000, 52640000, 49660000, 44520000, ……]
[63700000, 62820000, 55100000, 51900000, 46420000, ……]
[59040000, 65660000, 57320000, 53620000, 47520000, ……]
[58300000, 64700000, 60020000, 56100000, 49660000, ……]
[54120000, 60020000, 62720000, 58300000, 51240000, ……]
……
]

clock=36824.230
