1	3.141593	1.675255
2	3.141593	0.853574
4	3.141593	0.419955
8	3.141593	0.214359
10	3.141593	0.171236
20	3.141593	0.086171
40	3.141593	0.081102
1	3.141593	1.676311
2	3.141593	0.839358
4	3.141593	0.420420
8	3.141593	0.213497
10	3.141593	0.169652
20	3.141593	0.093792
40	3.141593	0.074677
1	3.141593	1.674311
2	3.141593	0.837199
4	3.141593	0.419545
8	3.141593	0.210582
10	3.141593	0.168998
20	3.141593	0.086629
40	3.141593	0.069025
1	3.141593	1.677573
2	3.141593	0.839311
4	3.141593	0.421987
8	3.141593	0.209995
10	3.141593	0.168434
20	3.141593	0.086077
40	3.141593	0.067721
1	3.141593	1.676030
2	3.141593	0.838493
4	3.141593	0.423671
8	3.141593	0.211281
10	3.141593	0.170012
20	3.141593	0.085982
40	3.141593	0.043227
1	3.141593	1.677078
2	3.141593	0.839249
4	3.141593	0.419996
8	3.141593	0.211625
10	3.141593	0.169486
20	3.141593	0.085996
40	3.141593	0.043416
1	3.141593	1.675254
2	3.141593	0.838731
4	3.141593	0.419788
8	3.141593	0.210162
10	3.141593	0.169614
20	3.141593	0.087515
40	3.141593	0.080432
1	3.141593	1.677645
2	3.141593	0.837706
4	3.141593	0.422126
8	3.141593	0.214366
10	3.141593	0.169111
20	3.141593	0.086929
40	3.141593	0.084447
1	3.141593	1.677520
2	3.141593	0.839182
4	3.141593	0.420136
8	3.141593	0.211556
10	3.141593	0.169058
20	3.141593	0.086080
40	3.141593	0.049240
